35.02732330332533
3.1059658961210364
0.7077651589270921
0.08838874218193613
1.082858265029928
1.9404603732424401
2.1046221623751133
1.4608166059879337
0.21630121858682286
1.1329030169681606
2.017340278995645
2.091574308801735
1.3744825697552319
0.17590545075605482
1.0716426774863148
1.938969814315938
2.104414521907427
1.460786208981706
0.21629651376732
1.132903708063774
2.017340382225409
2.0915743235746853
1.3744825717787428
0.17590545103475516
1.0716426774514112
1.9389698143111904
2.1044145219067527
1.4607862089816053
0.2162965137673075
1.132903708063775
2.0173403822254095
2.0915743235746898
1.3744825717787421
0.17590545103475627
1.0716426774514125
1.9389698143111878
2.104414521906754
1.460786208981609
0.21629651376730738
1.1329037080637776
2.0173403822254086
2.0915743235746813
1.3744825717787488
0.17590545103475821
1.0716426774514007
1.938969814311196
2.104414521906755
1.460786208981615
0.216296513767301
1.132903708063768
2.0173403822254166
2.0915743235746804
1.3744825717787497
0.1759054510347567
1.0716426774514096
1.9389698143112
2.1044145219067443
1.4607862089816017
0.21629651376731077
1.1329037080637667
2.017340382225416
2.0915743235746977
1.3744825717787355
0.17590545103475141
1.071642677451405
1.9389698143111787
2.104414521906761
1.460786208981608
0.2162965137673082
1.1329037080637823
2.0173403822254015
2.091574323574696
1.3744825717787368
0.17590545103475702
1.071642677451412
1.938969814311179
2.104414521906761
1.4607862089816153
0.21629651376730394
1.1329037080637856
2.0173403822253997
2.0915743235746764
1.3744825717787457
0.17590545103475938
1.0716426774514038
1.9389698143111984
2.104414521906742
1.4607862089816068
0.21629651376731795
1.1329037080637905
2.017340382225401
2.091574323574675
1.3744825717787552
0.1759054510347618
1.0716426774514287
1.9389698143111844
2.104414521906741
1.4607862089816055
0.21629651376731876
1.1329037080637865
2.017340382225403
2.091574323574696
1.3744825717787283
0.175905451034768
1.0716426774514076
1.938969814311201
2.1044145219067616
1.4607862089815917
0.2162965137673099
1.132903708063746
2.0173403822254516
2.091574323574665
1.3744825717787512
0.17590545103475583
1.0716426774513874
1.9389698143112342
2.1044145219067265
1.4607862089816126
0.21629651376731343
1.132903708063769
2.017340382225415
2.0915743235746995
1.3744825717787468
0.17590545103475658
1.0716426774514125
1.938969814311156
2.104414521906798
1.4607862089815986
0.21629651376730996
1.1329037080637818
2.0173403822253735
2.0915743235747337
1.3744825717787257
0.17590545103475308
1.0716426774513836
1.9389698143111946
2.1044145219067616
1.4607862089816186
0.21629651376729964
1.132903708063756
2.0173403822254143
2.0915743235746636
1.3744825717787763
0.17590545103476118
1.0716426774514092
1.9389698143112006
2.1044145219067247
1.46078620898164
0.21629651376730388
1.1329037080637818
2.017340382225377
2.0915743235747013
1.3744825717787545
0.17590545103476019
1.0716426774514203
1.9389698143111598
2.104414521906763
1.4607862089816053
0.2162965137673112
1.132903708063751
2.0173403822254112
2.091574323574702
1.3744825717787346
0.17590545103476687
1.0716426774513725
1.9389698143111833
2.104414521906804
1.4607862089816137
0.21629651376730147
1.1329037080637776
2.017340382225423
2.091574323574663
1.3744825717787532
0.1759054510347691
1.071642677451394
1.9389698143111909
2.1044145219067265
1.4607862089816521
0.21629651376730563
1.1329037080637878
2.017340382225379
2.091574323574697
1.374482571778734
0.17590545103477012
1.0716426774514067
1.9389698143111518
2.104414521906764
1.460786208981647
0.21629651376729125
1.1329037080637645
2.0173403822254197
2.09157432357466
1.3744825717787543
0.17590545103476077
1.0716426774513839
1.93896981431119
2.104414521906733
1.4607862089816344
0.21629651376732031
1.1329037080637852
2.017340382225383
2.0915743235746986
1.3744825717787474
0.17590545103475813
1.0716426774513739
1.9389698143111826
2.104414521906769
1.4607862089816337
0.21629651376731768
1.1329037080637756
2.0173403822254206
2.091574323574697
1.3744825717787361
0.17590545103475727
1.0716426774513952
1.9389698143111906
2.104414521906767
1.4607862089816188
0.2162965137673352
1.132903708063814
2.01734038222543
2.0915743235746955
1.3744825717786955
0.17590545103476804
1.071642677451402
1.9389698143111975
2.1044145219067643
1.460786208981583
0.21629651376734063
1.1329037080637496
2.017340382225499
2.091574323574626
1.37448257177875
0.1759054510347631
1.07164267745142
1.938969814311201
2.1044145219066883
1.4607862089816332
0.21629651376733275
1.1329037080637605
2.017340382225415
2.0915743235747
1.374482571778753
0.1759054510347426
1.0716426774514278
1.9389698143111196
2.1044145219067616
1.4607862089816328
0.2162965137673195
1.1329037080637732
2.0173403822253286
2.091574323574777
1.3744825717787494
0.1759054510347338
1.0716426774513699
1.9389698143111875
2.104414521906769
1.4607862089816184
0.21629651376730474
1.1329037080637134
2.0173403822253975
2.0915743235747115
1.3744825717787956
0.17590545103475821
1.0716426774514065
1.938969814311196
2.1044145219067656
1.4607862089816115
0.21629651376731474
1.1329037080637498
2.0173403822254072
2.0915743235747026
1.3744825717787634
0.17590545103476565
1.0716426774514152
1.9389698143112006
2.104414521906763
1.460786208981572
0.21629651376732675
1.1329037080637612
2.0173403822254117
2.091574323574702
1.3744825717787217
0.17590545103477567
1.0716426774514267
1.9389698143112084
2.1044145219066834
1.4607862089816217
0.21629651376732295
1.132903708063772
2.0173403822254166
2.0915743235746267
1.374482571778775
0.17590545103479158
1.0716426774514556
1.9389698143111274
2.1044145219067603
1.4607862089816204
0.21629651376731052
1.1329037080637843
2.017340382225337
2.0915743235746995
1.3744825717787756
0.17590545103478056
1.0716426774514025
1.9389698143111935
2.1044145219067656
1.4607862089816102
0.21629651376729467
1.1329037080637259
2.017340382225402
2.0915743235747044
1.374482571778764
0.17590545103476632
1.0716426774513432
1.9389698143112597
2.1044145219067727
1.4607862089816006
0.21629651376730724
1.1329037080637652
2.0173403822254143
2.091574323574699
1.3744825717787545
0.17590545103477714
1.071642677451379
1.9389698143111829
2.104414521906771
1.4607862089816341
0.2162965137673516
1.1329037080637925
2.0173403822253317
2.091574323574774
1.3744825717787545
0.17590545103476424
1.0716426774514596
1.9389698143111282
2.1044145219067607
1.4607862089815957
0.21629651376733444
1.132903708063709
2.017340382225483
2.0915743235746316
1.374482571778768
0.175905451034756
1.0716426774513774
1.9389698143111902
2.1044145219066905
1.4607862089816805
0.21629651376733008
1.132903708063819
2.0173403822253446
2.091574323574695
1.374482571778741
0.17590545103478947
1.0716426774514096
1.9389698143111076
2.1044145219068375
1.4607862089815848
0.2162965137673071
1.132903708063729
2.0173403822254072
2.091574323574635
1.3744825717788178
0.17590545103476019
1.0716426774513554
1.9389698143112661
2.104414521906693
1.4607862089816543
0.21629651376730263
1.1329037080637718
2.017340382225326
2.0915743235747777
1.3744825717787272
0.17590545103479086
1.0716426774514574
1.9389698143111265
2.104414521906831
1.460786208981564
0.2162965137673021
1.132903708063709
2.017340382225483
2.091574323574634
1.3744825717787708
0.1759054510348056
1.0716426774514187
1.9389698143112812
2.104414521906692
1.4607862089816062
0.21629651376732434
1.1329037080638196
2.0173403822253406
2.091574323574699
1.3744825717787423
0.1759054510347936
1.0716426774513392
1.938969814311259
2.1044145219067714
1.460786208981579
0.21629651376730352
1.1329037080637265
2.0173403822254086
2.091574323574634
1.3744825717788156
0.17590545103479102
1.0716426774514414
1.9389698143111203
2.104414521906763
1.4607862089816672
0.21629651376733278
1.1329037080637923
2.0173403822253295
2.091574323574779
1.3744825717787272
0.1759054510347676
1.07164267745136
1.9389698143112708
2.104414521906694
1.4607862089815866
0.216296513767338
1.1329037080637012
2.0173403822254845
2.0915743235746356
1.374482571778795
0.17590545103476013
1.0716426774514654
1.9389698143111354
2.1044145219066825
1.4607862089816788
0.2162965137673351
1.132903708063814
2.0173403822253433
2.0915743235747666
1.3744825717787084
0.17590545103473693
1.071642677451385
1.9389698143111065
2.1044145219066923
1.4607862089817136
0.21629651376732673
1.1329037080637219
2.0173403822254947
2.091574323574626
1.3744825717787763
0.175905451034734
1.071642677451355
1.9389698143110905
2.104414521906843
1.4607862089816253
0.21629651376735556
1.1329037080638327
2.0173403822253504
2.0915743235747635
1.3744825717786846
0.1759054510347643
1.0716426774513172
1.9389698143112455
2.1044145219067047
1.4607862089816939
0.21629651376735526
1.1329037080637974
2.0173403822255156
2.0915743235746196
1.3744825717786966
0.1759054510348049
1.0716426774514198
1.9389698143111043
2.104414521906839
1.4607862089816048
0.21629651376732797
1.1329037080637139
2.0173403822254894
2.0915743235746262
1.3744825717787361
0.17590545103479646
1.071642677451334
1.9389698143112557
2.104414521906697
1.4607862089816737
0.21629651376732187
1.1329037080638253
2.017340382225346
2.091574323574624
1.374482571778821
0.17590545103479305
1.0716426774514412
1.938969814311117
2.104414521906833
1.4607862089815835
0.21629651376729642
1.1329037080637399
2.0173403822253206
2.091574323574778
1.3744825717787321
0.17590545103477168
1.0716426774513579
1.9389698143112681
2.1044145219066945
1.4607862089816501
0.21629651376729436
1.1329037080637085
2.017340382225302
2.091574323574791
1.374482571778822
0.17590545103476907
1.0716426774514665
1.9389698143111278
2.1044145219068318
1.460786208981556
0.21629651376732487
1.1329037080636695
2.0173403822254676
2.0915743235746453
1.3744825717788347
0.1759054510347575
1.0716426774513783
1.9389698143112803
2.1044145219066883
1.4607862089815697
0.21629651376736692
1.1329037080637732
2.017340382225323
2.0915743235747803
1.3744825717787457
0.175905451034788
1.0716426774514836
1.9389698143111405
2.1044145219066808
1.4607862089816053
0.21629651376735606
1.1329037080636826
2.0173403822254774
2.091574323574638
1.3744825717788138
0.17590545103478156
1.0716426774514507
1.9389698143111247
2.1044145219066905
1.460786208981693
0.2162965137673567
1.1329037080637945
2.0173403822253344
2.091574323574776
1.3744825717787232
0.1759054510347588
1.071642677451368
1.9389698143111012
2.104414521906841
1.4607862089816055
0.21629651376733042
1.132903708063712
2.017340382225486
2.091574323574632
1.3744825717787887
0.17590545103475164
1.0716426774513348
1.9389698143112553
2.1044145219067
1.4607862089816752
0.2162965137673255
1.1329037080638231
2.0173403822253433
2.0915743235747666
1.3744825717787013
0.17590545103478367
1.0716426774513037
1.9389698143112362
2.10441452190685
1.460786208981586
0.21629651376730263
1.1329037080637372
2.017340382225497
2.091574323574626
1.3744825717787124
0.17590545103482433
1.0716426774513979
1.9389698143110992
2.1044145219068455
1.460786208981674
0.2162965137672989
1.1329037080638458
2.0173403822253544
2.091574323574622
1.374482571778746
0.17590545103481572
1.0716426774513153
1.938969814311248
2.1044145219067025
1.4607862089816877
0.2162965137672901
1.1329037080637598
2.017340382225331
2.0915743235746285
1.3744825717788374
0.1759054510348138
1.0716426774514243
1.9389698143111072
2.1044145219068415
1.4607862089815957
0.21629651376731704
1.13290370806372
2.017340382225314
2.0915743235747826
1.3744825717787466
0.17590545103479246
1.0716426774513401
1.9389698143112601
2.1044145219066968
1.4607862089816666
0.2162965137673115
1.1329037080636848
2.0173403822254765
2.0915743235746405
1.3744825717788174
0.17590545103478414
1.0716426774514454
1.9389698143111236
2.104414521906834
1.460786208981574
0.21629651376734466
1.1329037080637958
2.0173403822253317
2.091574323574777
1.374482571778725
0.17590545103476082
1.0716426774513632
1.9389698143112712
2.104414521906691
1.4607862089815864
0.2162965137673908
1.132903708063757
2.017340382225491
2.091574323574631
1.3744825717787945
0.17590545103475877
1.071642677451472
1.9389698143111334
2.1044145219066817
1.4607862089816208
0.21629651376738207
1.1329037080636641
2.01734038222547
2.0915743235747835
1.374482571778708
0.1759054510347366
1.0716426774513899
1.93896981431111
2.104414521906694
1.4607862089817074
0.21629651376738024
1.132903708063778
2.017340382225326
2.09157432357478
1.374482571778739
0.17590545103478042
1.0716426774513517
1.9389698143110903
2.1044145219066976
1.460786208981801
0.2162965137673261
1.1329037080636957
2.0173403822253033
2.0915743235749304
1.3744825717787048
0.17590545103476313
1.0716426774514627
1.9389698143111258
2.1044145219066857
1.4607862089816346
0.21629651376733947
1.1329037080637487
2.0173403822253277
2.091574323574632
1.3744825717788374
0.17590545103481692
1.0716426774512766
1.9389698143114054
2.1044145219067065
1.4607862089815815
0.21629651376737602
1.132903708063915
2.0173403822253695
2.091574323574611
1.3744825717787306
0.17590545103479233
1.0716426774513392
1.9389698143110865
2.10441452190699
1.4607862089815657
0.21629651376730386
1.1329037080636828
2.0173403822254743
2.0915743235746445
1.3744825717787652
0.17590545103488697
1.0716426774514813
1.938969814311128
2.1044145219066874
1.4607862089817585
0.2162965137672624
1.1329037080637454
2.0173403822253237
2.091574323574778
1.3744825717787272
0.17590545103482005
1.0716426774512657
1.9389698143113983
2.1044145219067096
1.4607862089815915
0.21629651376733885
1.132903708063702
2.0173403822253078
2.0915743235746467
1.3744825717789384
0.17590545103478125
1.0716426774513248
1.9389698143114305
2.1044145219066928
1.460786208981536
0.216296513767317
1.132903708063819
2.0173403822253415
2.09157432357463
1.3744825717787763
0.17590545103479724
1.0716426774513759
1.938969814311109
2.1044145219068353
1.4607862089815884
0.21629651376736708
1.1329037080636317
2.0173403822256284
2.091574323574645
1.3744825717787232
0.175905451034832
1.0716426774515329
1.9389698143111453
2.1044145219066808
1.4607862089816595
0.21629651376730435
1.1329037080636954
2.017340382225297
2.0915743235749367
1.3744825717787073
0.17590545103476596
1.0716426774513184
1.938969814311243
2.1044145219067074
1.4607862089816355
0.2162965137673448
1.1329037080637436
2.017340382225328
2.091574323574631
1.374482571778893
0.17590545103472482
1.0716426774513736
1.938969814311101
2.1044145219068406
1.4607862089816042
0.21629651376738424
1.1329037080639088
2.017340382225372
2.091574323574611
1.37448257177873
0.17590545103479704
1.0716426774513315
1.9389698143110838
2.104414521906702
1.4607862089818173
0.21629651376734702
1.13290370806368
2.01734038222565
2.091574323574629
1.3744825717786773
0.17590545103477634
1.071642677451444
1.9389698143111158
2.1044145219066928
1.4607862089816468
0.21629651376736347
1.1329037080637279
2.0173403822253215
2.091574323574777
1.3744825717787341
0.17590545103482264
1.071642677451267
1.9389698143113934
2.1044145219067105
1.4607862089815926
0.21629651376739914
1.1329037080638917
2.017340382225364
2.0915743235746174
1.3744825717787967
0.17590545103476854
1.0716426774513246
1.9389698143110756
2.104414521906998
1.4607862089815806
0.21629651376733136
1.132903708063672
2.0173403822254663
2.0915743235746445
1.3744825717787863
0.1759054510348026
1.0716426774513736
1.9389698143111063
2.104414521906693
1.4607862089817696
0.21629651376728584
1.1329037080637303
2.017340382225319
2.0915743235747803
1.3744825717787437
0.17590545103483954
1.0716426774515302
1.9389698143109733
2.104414521906684
1.4607862089816954
0.21629651376742473
1.1329037080636724
2.017340382225298
2.091574323574654
1.3744825717789568
0.17590545103479863
1.0716426774513064
1.9389698143114227
2.104414521906696
1.460786208981554
0.21629651376733688
1.132903708063946
2.0173403822253833
2.0915743235746054
1.374482571778703
0.17590545103480681
1.0716426774512746
1.9389698143110499
2.1044145219070103
1.4607862089816288
0.2162965137673915
1.13290370806361
2.017340382225623
2.0915743235746493
1.3744825717787406
0.17590545103474867
1.0716426774514218
1.9389698143111327
2.104414521906682
1.4607862089817274
0.21629651376722203
1.1329037080637814
2.017340382225337
2.091574323574626
1.374482571778768
0.17590545103489602
1.071642677451475
1.938969814311122
2.1044145219066914
1.4607862089816497
0.21629651376736958
1.1329037080637276
2.0173403822253224
2.0915743235746347
1.3744825717789093
0.175905451034746
1.0716426774513585
1.9389698143114433
2.1044145219066905
1.460786208981504
0.2162965137672758
1.1329037080637032
2.0173403822253078
2.0915743235746467
1.3744825717788394
0.17590545103488
1.0716426774513077
1.9389698143110743
2.1044145219069965
1.4607862089815822
0.21629651376733341
1.132903708063666
2.017340382225639
2.091574323574637
1.3744825717786948
0.17590545103479727
1.071642677451563
1.9389698143111642
2.104414521906676
1.4607862089815724
0.21629651376737025
1.132903708063622
2.017340382225271
2.091574323574955
1.3744825717787723
0.17590545103484603
1.0716426774512453
1.9389698143113876
2.1044145219067136
1.4607862089816128
0.2162965137673046
1.1329037080637787
2.01734038222534
2.0915743235746227
1.3744825717788687
0.17590545103468397
1.0716426774514052
1.9389698143111167
2.1044145219066883
1.4607862089816428
0.21629651376746672
1.1329037080638344
2.017340382225337
2.0915743235746356
1.3744825717787956
0.1759054510348271
1.0716426774513566
1.9389698143111
2.1044145219066945
1.4607862089817893
0.21629651376730755
1.132903708063715
2.0173403822256626
2.0915743235746196
1.3744825717786497
0.17590545103473795
1.0716426774513368
1.9389698143110772
2.104414521906703
1.4607862089817085
0.21629651376745235
1.1329037080636537
2.0173403822252904
2.0915743235749384
1.3744825717787272
0.17590545103478944
1.0716426774512946
1.9389698143114111
2.1044145219067
1.4607862089815697
0.2162965137673601
1.1329037080639308
2.017340382225377
2.0915743235746054
1.374482571778715
0.1759054510348292
1.0716426774512595
1.9389698143110399
2.104414521907013
1.4607862089816444
0.21629651376741146
1.1329037080635895
2.017340382225613
2.091574323574655
1.3744825717787565
0.17590545103476965
1.0716426774514078
1.9389698143111194
2.1044145219066883
1.4607862089817427
0.21629651376724626
1.1329037080637636
2.01734038222533
2.09157432357463
1.3744825717787876
0.17590545103491745
1.0716426774514587
1.9389698143111158
2.104414521906694
1.4607862089816674
0.2162965137673854
1.1329037080637014
2.0173403822253095
2.091574323574923
1.3744825717786868
0.1759054510347326
1.0716426774513448
1.938969814311435
2.104414521906692
1.460786208981525
0.21629651376729667
1.1329037080636821
2.017340382225297
2.0915743235746564
1.3744825717789668
0.17590545103480634
1.0716426774513022
1.938969814311066
2.104414521907002
1.4607862089815995
0.21629651376734907
1.1329037080636433
2.0173403822256333
2.09157432357464
1.374482571778712
0.17590545103471047
1.0716426774514558
1.938969814311144
2.104414521906673
1.460786208981588
0.21629651376739464
1.1329037080636042
