35.02732330332533
3.1059658961210364
0.7077651589270921
0.08838874218193613
1.082858265029928
1.9404603732424401
2.1046221623751133
1.4608166059879337
0.21630121858682286
1.1329030169681606
2.017340278995645
2.091574308801735
1.3744825697552319
0.17590545075605482
1.0716426774863148
1.938969814315938
2.104414521907427
1.460786208981706
0.21629651376732
1.132903708063774
2.017340382225409
2.0915743235746853
1.3744825717787428
0.17590545103475516
1.0716426774514112
1.9389698143111904
2.1044145219067527
1.4607862089816053
0.2162965137673075
1.132903708063775
2.0173403822254095
2.0915743235746898
1.3744825717787421
0.17590545103475627
1.0716426774514125
1.9389698143111878
2.104414521906754
1.460786208981609
0.21629651376730738
1.1329037080637776
2.0173403822254086
2.0915743235746813
1.3744825717787488
0.17590545103475821
1.0716426774514007
1.938969814311196
2.104414521906755
1.460786208981615
0.216296513767301
1.132903708063768
2.0173403822254166
2.0915743235746804
1.3744825717787497
0.1759054510347567
1.0716426774514096
1.9389698143112
2.1044145219067443
1.4607862089816017
0.21629651376731077
1.1329037080637667
2.017340382225416
2.0915743235746977
1.3744825717787355
0.17590545103475141
1.071642677451405
1.9389698143111787
2.104414521906761
1.460786208981608
0.2162965137673082
1.1329037080637823
2.0173403822254015
2.091574323574696
1.3744825717787368
0.17590545103475702
1.071642677451412
1.938969814311179
2.104414521906761
1.4607862089816153
0.21629651376730394
1.1329037080637856
2.0173403822253997
2.0915743235746764
1.3744825717787457
0.17590545103475938
1.0716426774514038
1.9389698143111984
2.104414521906742
1.4607862089816068
0.21629651376731795
1.1329037080637905
2.017340382225401
2.091574323574675
1.3744825717787552
0.1759054510347618
1.0716426774514287
1.9389698143111844
2.104414521906741
1.4607862089816055
0.21629651376731876
1.1329037080637865
